-- TINY GP (Java version) --
SEED=2341399352192722874
MAX_LEN=10000
POPSIZE=100000
DEPTH=5
CROSSOVER_PROB=0.9
PMUT_PER_NODE=0.05
MIN_RANDOM=-5.0
MAX_RANDOM=5.0
GENERATIONS=100
TSIZE=2
----------------------------------
Generation=0 Avg Fitness=7853,7114976513 Best Fitness=264,7304272250 Avg Size=6,9878700000
Best Individual: (cos(((cos(-0.7157936456554035)) - X1)))
Generation=1 Avg Fitness=2725,0865455145 Best Fitness=84,5301307176 Avg Size=6,9610800000
Best Individual: ((sin(((sin((-3.472168908990345 - 3.796462076783966))) - (2.2787103145661405 + (X1 - 2.2644875231993566))))) * -1.312061456524222)
Generation=2 Avg Fitness=1882,7858294600 Best Fitness=84,5301307176 Avg Size=8,3318100000
Best Individual: ((sin(((sin((-3.472168908990345 - 3.796462076783966))) - (2.2787103145661405 + (X1 - 2.2644875231993566))))) * -1.312061456524222)
Generation=3 Avg Fitness=1729,6713603949 Best Fitness=0,0000000000 Avg Size=10,3790900000
Best Individual: ((sin(X1)) + (cos(X1)))
PROBLEM SOLVED
