-- TINY GP (Java version) --
SEED=4794202591147375848
MAX_LEN=10000
POPSIZE=100000
DEPTH=5
CROSSOVER_PROB=0.9
PMUT_PER_NODE=0.05
MIN_RANDOM=-5.0
MAX_RANDOM=5.0
GENERATIONS=100
TSIZE=2
----------------------------------
Generation=0 Avg Fitness=6891,3478528724 Best Fitness=275,8857444546 Avg Size=6,9862600000
Best Individual: (sin(((-2.842799221926413 * ((1.6324347796825789 - 3.0193891205596852) - -3.298962051474914)) + X1)))
Generation=1 Avg Fitness=2098,6168924473 Best Fitness=274,1546801787 Avg Size=6,7193700000
Best Individual: (cos((X1 + (cos(2.4338648416101574)))))
Generation=2 Avg Fitness=1431,0908135420 Best Fitness=0,0000000000 Avg Size=7,2479900000
Best Individual: ((sin(X1)) + (cos(X1)))
PROBLEM SOLVED
