-- TINY GP (Java version) --
SEED=2348154484993538688
MAX_LEN=10000
POPSIZE=100000
DEPTH=5
CROSSOVER_PROB=0.9
PMUT_PER_NODE=0.05
MIN_RANDOM=-5.0
MAX_RANDOM=5.0
GENERATIONS=100
TSIZE=2
----------------------------------
Generation=0 Avg Fitness=17563,6129921073 Best Fitness=539,9471307065 Avg Size=7,0059600000
Best Individual: (sin((0.7089148607064271 + X1)))
Generation=1 Avg Fitness=4806,4524651304 Best Fitness=528,7238553709 Avg Size=6,9949200000
Best Individual: (sin(((sin(0.8706954554773976)) + X1)))
Generation=2 Avg Fitness=3611,0025188907 Best Fitness=148,1168783194 Avg Size=8,5384700000
Best Individual: ((sin(((cos((sin(0.5530458277893118)))) + X1))) * ((cos((3.877505774903195 / -3.7947873722850947))) - -0.9177055718667155))
Generation=3 Avg Fitness=3523,0867170826 Best Fitness=132,1483156734 Avg Size=10,9509300000
Best Individual: (((sin((X1 - (cos((1.1762163378337878 / (cos(1.2511062611798263)))))))) / 3.1588450657884017) / (2.9065814426024206 / (1.1762163378337878 * ((2.780011575946311 * 2.708168385678464) - (-1.9039127238380238 + -0.9177055718667155)))))
Generation=4 Avg Fitness=3757,0389056917 Best Fitness=0,0000000000 Avg Size=13,4935900000
Best Individual: ((cos(X1)) + (sin(X1)))
PROBLEM SOLVED
