-- TINY GP (Java version) --
SEED=-2060313829269419265
MAX_LEN=10000
POPSIZE=100000
DEPTH=5
CROSSOVER_PROB=0.9
PMUT_PER_NODE=0.05
MIN_RANDOM=-5.0
MAX_RANDOM=5.0
GENERATIONS=100
TSIZE=2
----------------------------------
Generation=0 Avg Fitness=27357,4671924150 Best Fitness=822,4596818068 Avg Size=6,9883300000
Best Individual: (cos((((cos((0.9353956715035805 * 0.2540823961766421))) + X1) + 4.623646260031821)))
Generation=1 Avg Fitness=6506,2419125230 Best Fitness=325,1753349939 Avg Size=6,9678300000
Best Individual: ((((4.396512930373092 / 0.9353956715035805) * (cos((-3.951029719151282 + X1)))) / 1.4086045861204841) * (sin(-0.49343535382963655)))
Generation=2 Avg Fitness=4663,4903558178 Best Fitness=325,1753349939 Avg Size=8,6720500000
Best Individual: ((((4.396512930373092 / 0.9353956715035805) * (cos((-3.951029719151282 + X1)))) / 1.4086045861204841) * (sin(-0.49343535382963655)))
Generation=3 Avg Fitness=4913,0834249925 Best Fitness=325,1753349939 Avg Size=11,5742400000
Best Individual: ((((4.396512930373092 / 0.9353956715035805) * (cos((-3.951029719151282 + X1)))) / 1.4086045861204841) * (sin(-0.49343535382963655)))
Generation=4 Avg Fitness=4794,6840909305 Best Fitness=0,0000000000 Avg Size=14,7265600000
Best Individual: ((cos(X1)) + (sin(X1)))
PROBLEM SOLVED
