-- TINY GP (Java version) --
SEED=-6158565296811428905
MAX_LEN=10000
POPSIZE=100000
DEPTH=5
CROSSOVER_PROB=0.9
PMUT_PER_NODE=0.05
MIN_RANDOM=-5.0
MAX_RANDOM=5.0
GENERATIONS=100
TSIZE=2
----------------------------------
Generation=0 Avg Fitness=7308,5772372210 Best Fitness=296,3850769907 Avg Size=7,0028900000
Best Individual: (((4.292416131920282 / ((3.7615020162831527 * -1.4667162918420527) - (-0.4196577424616894 * -3.8874989975014786))) + 3.8701534613199424) * (sin(X2)))
Generation=1 Avg Fitness=2774,5993250078 Best Fitness=255,2571823901 Avg Size=6,6422800000
Best Individual: (X2 - ((cos((-1.4147098343910058 - X2))) + (cos((-1.5572939399591004 + 3.9469554452894684)))))
Generation=2 Avg Fitness=1505,5616626190 Best Fitness=252,2457370762 Avg Size=7,0971300000
Best Individual: ((2.1648895646213875 * X2) - (cos((1.4084072410821182 + (cos((cos(2.6197660387719015))))))))
Generation=3 Avg Fitness=1459,2626993368 Best Fitness=251,2792994482 Avg Size=7,9098400000
Best Individual: ((X2 * 1.805738406787328) + (cos((cos((sin(X2)))))))
Generation=4 Avg Fitness=1312,0596025112 Best Fitness=251,2792994482 Avg Size=9,1129800000
Best Individual: ((X2 * 1.805738406787328) + (cos((cos((sin(X2)))))))
Generation=5 Avg Fitness=1202,5860997488 Best Fitness=184,7773897209 Avg Size=10,8036500000
Best Individual: ((2.3695547794417395 * X2) + X1)
Generation=6 Avg Fitness=1099,7947453470 Best Fitness=82,7962758815 Avg Size=13,0243000000
Best Individual: ((((0.0498043433763371 + X1) + (X2 + ((sin(X2)) - ((sin((-1.4147098343910058 / 1.7148275639331327))) / 1.7148275639331327)))) + -0.23574484113330918) + ((-0.8983776334579474 - (-4.11747478817258 - (-0.7280306354803194 * 3.8701534613199424))) / ((4.266518710324581 - ((cos(0.6735622044454326)) - -0.2986758828377454)) * ((0.5244729897173714 * -0.8983776334579474) - (-2.3546594165544867 * -0.23574484113330918)))))
Generation=7 Avg Fitness=1010,2485718082 Best Fitness=0,0000000000 Avg Size=15,4204900000
Best Individual: ((X2 + X1) + X2)
PROBLEM SOLVED
