-- TINY GP (Java version) --
SEED=3264330581195964191
MAX_LEN=10000
POPSIZE=100000
DEPTH=5
CROSSOVER_PROB=0.9
PMUT_PER_NODE=0.05
MIN_RANDOM=-5.0
MAX_RANDOM=5.0
GENERATIONS=100
TSIZE=2
----------------------------------
Generation=0 Avg Fitness=17435,3098138662 Best Fitness=5005,0050050050 Avg Size=6,9744300000
Best Individual: (X1 + X2)
Generation=1 Avg Fitness=11690,9381982058 Best Fitness=3834,3186577644 Avg Size=6,7400800000
Best Individual: ((X2 / 0.5789147159401242) + ((1.3862937075544481 * ((-4.539475662510453 - -4.050364866655199) - -1.6365425715958737)) * (-1.7831280657201596 + X1)))
Generation=2 Avg Fitness=10774,5462119490 Best Fitness=1012,0327881358 Avg Size=7,4435300000
Best Individual: (((-2.79843850073095 * ((-3.01331783526932 - ((4.937871411215898 / 3.1399031192834137) + -4.013693084673163)) - X2)) * 0.7866276683451652) - ((1.322199942994339 - (cos(2.5402566312992505))) - (X1 - -1.0199427449267695)))
Generation=3 Avg Fitness=10062,5956151722 Best Fitness=0,0000000000 Avg Size=8,3658400000
Best Individual: (X1 + (X2 + X2))
PROBLEM SOLVED
