-- TINY GP (Java version) --
SEED=1891406132982897803
MAX_LEN=10000
POPSIZE=100000
DEPTH=5
CROSSOVER_PROB=0.9
PMUT_PER_NODE=0.05
MIN_RANDOM=-5.0
MAX_RANDOM=5.0
GENERATIONS=100
TSIZE=2
----------------------------------
Generation=0 Avg Fitness=315391,3661680409 Best Fitness=17823,3189114873 Avg Size=6,9676800000
Best Individual: ((X1 - (-2.068436757876512 * X2)) + ((sin(1.2642221105228115)) + 4.5364485174488465))
Generation=1 Avg Fitness=293632,1639705946 Best Fitness=17823,3189114873 Avg Size=7,7053800000
Best Individual: ((X1 - (-2.068436757876512 * X2)) + ((sin(1.2642221105228115)) + 4.5364485174488465))
Generation=2 Avg Fitness=280177,4017760503 Best Fitness=5397,3363571796 Avg Size=9,4703100000
Best Individual: ((X1 - (-2.068436757876512 * X2)) + ((sin(1.2642221105228115)) + (-0.6267754667652161 * 2.8331024388727633)))
Generation=3 Avg Fitness=287405,7290860264 Best Fitness=0,0000000000 Avg Size=11,7750500000
Best Individual: ((X1 + X2) + X2)
PROBLEM SOLVED
