-- TINY GP (Java version) --
SEED=1219414651722456760
MAX_LEN=10000
POPSIZE=100000
DEPTH=5
CROSSOVER_PROB=0.9
PMUT_PER_NODE=0.05
MIN_RANDOM=-5.0
MAX_RANDOM=5.0
GENERATIONS=100
TSIZE=2
----------------------------------
Generation=0 Avg Fitness=5156222,6531722490 Best Fitness=2000218,5871230618 Avg Size=6,9738900000
Best Individual: (X2 - ((3.782806658247253 + X1) / (sin((-1.7569703126022707 / (-2.4417698211622154 / -1.8709461130732743))))))
Generation=1 Avg Fitness=4405813,9927889580 Best Fitness=482298,6691409533 Avg Size=7,4673800000
Best Individual: ((((((X1 + -1.9927874467323061) - -2.249493889948572) - (sin((-2.804305587321929 - (sin(-3.509027428022847)))))) + -2.6126173545643283) - ((-1.8598206193236355 + (-0.3082991286190717 / -3.0555410948281514)) * X2)) - -0.7270591709088823)
Generation=2 Avg Fitness=4730253,0822660765 Best Fitness=4498,9930705306 Avg Size=8,7167700000
Best Individual: (X2 + ((X1 + X2) + 1.1247482676327003))
Generation=3 Avg Fitness=5979133,7879358680 Best Fitness=0,0000000000 Avg Size=10,2755100000
Best Individual: (X1 + (X2 + X2))
PROBLEM SOLVED
